frame_index,frame_timestamp
0,1755164145.4527667
1,1755164145.55158
2,1755164145.6519961
3,1755164145.7515712
4,1755164145.8510847
5,1755164145.9511375
6,1755164146.0513
7,1755164146.1514463
8,1755164146.2514944
9,1755164146.3518624
10,1755164146.4510198
11,1755164146.551265
12,1755164146.6509366
13,1755164146.7509036
14,1755164146.8510294
15,1755164146.9515986
16,1755164147.0513785
17,1755164147.150689
18,1755164147.251011
19,1755164147.3510673
20,1755164147.4512894
21,1755164147.5506246
22,1755164147.6516247
23,1755164147.7510908
24,1755164147.8512986
25,1755164147.951156
26,1755164148.0513468
27,1755164148.1506975
28,1755164148.2513845
29,1755164148.3505635
30,1755164148.4515862
31,1755164148.551056
32,1755164148.6510303
33,1755164148.7515545
34,1755164148.8512883
35,1755164148.951024
36,1755164149.050813
37,1755164149.1507866
38,1755164149.2507746
39,1755164149.3508399
40,1755164149.4508154
41,1755164149.5514073
42,1755164149.6516197
43,1755164149.750954
44,1755164149.8512402
45,1755164149.9514794
46,1755164150.0507028
47,1755164150.1514442
48,1755164150.2516184
49,1755164150.3511531
50,1755164150.4518404
51,1755164150.5508575
52,1755164150.651167
53,1755164150.7507813
54,1755164150.8516903
55,1755164150.9513652
56,1755164151.0508873
57,1755164151.1513486
58,1755164151.250997
59,1755164151.3514717
60,1755164151.451741
61,1755164151.5509105
62,1755164151.650973
63,1755164151.7510715
64,1755164151.8513722
65,1755164151.9510174
66,1755164152.051155
67,1755164152.1516953
68,1755164152.2513437
69,1755164152.3517184
70,1755164152.4510748
71,1755164152.5508955
72,1755164152.651754
73,1755164152.7518046
74,1755164152.8515384
75,1755164152.9515471
76,1755164153.0511234
77,1755164153.1514146
78,1755164153.2510955
79,1755164153.3515527
80,1755164153.4518669
81,1755164153.55162
82,1755164153.6516602
83,1755164153.751481
84,1755164153.850983
85,1755164153.9516993
86,1755164154.051302
87,1755164154.1515014
88,1755164154.2513056
89,1755164154.3507884
90,1755164154.4514263
91,1755164154.5513067
92,1755164154.651222
93,1755164154.7509663
94,1755164154.8514738
95,1755164154.9518592
96,1755164155.0512357
97,1755164155.1513522
98,1755164155.2511106
99,1755164155.3514574
100,1755164155.4510648
101,1755164155.55145
102,1755164155.6514533
103,1755164155.7509253
104,1755164155.851972
105,1755164155.951139
106,1755164156.0519056
107,1755164156.1507852
108,1755164156.251484
109,1755164156.3516972
110,1755164156.4511745
111,1755164156.5510786
112,1755164156.6514392
113,1755164156.75148
114,1755164156.851839
115,1755164156.9517422
116,1755164157.05161
117,1755164157.1517394
118,1755164157.251677
119,1755164157.351676
120,1755164157.4515743
121,1755164157.5506592
122,1755164157.6512992
123,1755164157.7518783
124,1755164157.8519766
125,1755164157.951068
126,1755164158.0511606
127,1755164158.1512885
128,1755164158.2510781
129,1755164158.3514373
130,1755164158.4516523
131,1755164158.5517132
132,1755164158.6518779
133,1755164158.7506368
134,1755164158.851859
135,1755164158.9517949
136,1755164159.0518854
137,1755164159.151167
138,1755164159.2515652
139,1755164159.3520484
140,1755164159.451137
141,1755164159.551416
142,1755164159.6514025
143,1755164159.752128
144,1755164159.851163
145,1755164159.9516573
146,1755164160.0511873
147,1755164160.151173
148,1755164160.2524774
149,1755164160.352298
150,1755164160.4517407
151,1755164160.5519414
152,1755164160.651647
153,1755164160.7521746
154,1755164160.8517694
155,1755164160.9524777
156,1755164161.0512931
157,1755164161.1515374
158,1755164161.2520995
159,1755164161.3520505
160,1755164161.4519203
161,1755164161.5522237
162,1755164161.6515746
163,1755164161.751694
164,1755164161.851178
165,1755164161.9514563
166,1755164162.0523007
167,1755164162.1521404
168,1755164162.2518969
169,1755164162.3514237
170,1755164162.4521973
171,1755164162.5519576
172,1755164162.6519542
173,1755164162.751752
174,1755164162.8519466
175,1755164162.9521856
176,1755164163.0521755
177,1755164163.1517398
178,1755164163.252223
179,1755164163.3515975
180,1755164163.4520707
181,1755164163.5521548
182,1755164163.6521308
183,1755164163.752242
184,1755164163.8517659
185,1755164163.9526267
186,1755164164.05214
187,1755164164.152252
188,1755164164.2521842
189,1755164164.3513417
190,1755164164.4514563
191,1755164164.552438
192,1755164164.652297
193,1755164164.752138
194,1755164164.852032
195,1755164164.9519987
196,1755164165.0521138
197,1755164165.152078
198,1755164165.2515922
199,1755164165.35183
200,1755164165.4522188
201,1755164165.5513916
202,1755164165.652039
203,1755164165.752416
204,1755164165.8523204
205,1755164165.9518902
206,1755164166.0517242
207,1755164166.1524749
208,1755164166.251994
209,1755164166.3516612
210,1755164166.4523807
211,1755164166.5525725
212,1755164166.6524293
213,1755164166.7525418
214,1755164166.8519988
215,1755164166.952242
216,1755164167.0516658
217,1755164167.1528728
218,1755164167.25244
219,1755164167.3515522
220,1755164167.4526024
221,1755164167.5521996
222,1755164167.6517227
223,1755164167.7522373
224,1755164167.851862
225,1755164167.9525
226,1755164168.0518696
227,1755164168.1518857
228,1755164168.252735
229,1755164168.3518798
230,1755164168.4517684
231,1755164168.5518806
232,1755164168.6520133
233,1755164168.7522163
234,1755164168.8529503
235,1755164168.9520013
236,1755164169.0520828
237,1755164169.1523027
238,1755164169.252684
239,1755164169.3522842
240,1755164169.452616
241,1755164169.5528054
242,1755164169.6524873
243,1755164169.7522628
244,1755164169.8521707
245,1755164169.9523215
246,1755164170.052701
247,1755164170.152459
248,1755164170.2524402
249,1755164170.3524504
250,1755164170.4529889
251,1755164170.5522964
252,1755164170.6527443
253,1755164170.752886
254,1755164170.85237
255,1755164170.952246
256,1755164171.0525153
257,1755164171.1523213
258,1755164171.2525117
259,1755164171.353058
260,1755164171.4530678
261,1755164171.5521698
262,1755164171.652725
263,1755164171.7523558
264,1755164171.8527176
265,1755164171.9530272
266,1755164172.0530932
267,1755164172.1530347
268,1755164172.2525368
269,1755164172.3522844
270,1755164172.4522343
271,1755164172.5529704
272,1755164172.6526842
273,1755164172.7517538
274,1755164172.8528192
275,1755164172.9527414
276,1755164173.0523157
277,1755164173.1529675
278,1755164173.2521188
279,1755164173.3528988
280,1755164173.4530473
281,1755164173.552742
282,1755164173.6522965
283,1755164173.7521882
284,1755164173.8530312
285,1755164173.952901
286,1755164174.0524535
287,1755164174.1524806
288,1755164174.2525325
289,1755164174.3527508
290,1755164174.4525428
291,1755164174.552979
292,1755164174.6522872
293,1755164174.7525141
294,1755164174.8530343
295,1755164174.9522696
296,1755164175.0523472
297,1755164175.1524708
298,1755164175.2528229
299,1755164175.353141
300,1755164175.4523041
301,1755164175.5527294
302,1755164175.6523697
303,1755164175.7524483
304,1755164175.8525307
305,1755164175.9525077
306,1755164176.0525782
307,1755164176.1527865
308,1755164176.2524192
309,1755164176.3529506
310,1755164176.4527793
311,1755164176.5530045
312,1755164176.6533308
313,1755164176.7531688
314,1755164176.85312
315,1755164176.9529886
316,1755164177.0526297
317,1755164177.1526198
318,1755164177.2525077
319,1755164177.3519554
320,1755164177.4532633
321,1755164177.5529137
322,1755164177.6529899
323,1755164177.752534
324,1755164177.8529336
325,1755164177.9527247
326,1755164178.052496
327,1755164178.152844
328,1755164178.252873
329,1755164178.3529415
330,1755164178.4528918
331,1755164178.5530536
332,1755164178.6534395
333,1755164178.7528648
334,1755164178.8530793
335,1755164178.9529107
336,1755164179.0529218
337,1755164179.1533291
338,1755164179.253077
339,1755164179.353075
340,1755164179.452662
341,1755164179.5526485
342,1755164179.6530256
343,1755164179.7532942
344,1755164179.8532035
345,1755164179.9532597
346,1755164180.0528092
347,1755164180.1533165
348,1755164180.2528145
349,1755164180.3532107
350,1755164180.4529803
351,1755164180.5529354
352,1755164180.6526868
353,1755164180.7532897
354,1755164180.8535342
355,1755164180.9526541
356,1755164181.052772
357,1755164181.1528652
358,1755164181.2527702
359,1755164181.3526063
360,1755164181.4532285
361,1755164181.5533643
362,1755164181.6531696
363,1755164181.7534103
364,1755164181.8526947
365,1755164181.9534953
366,1755164182.0535514
367,1755164182.1524196
368,1755164182.2526994
369,1755164182.3532925
370,1755164182.452587
371,1755164182.552924
372,1755164182.653183
373,1755164182.7533371
374,1755164182.852609
375,1755164182.9526293
376,1755164183.0527852
377,1755164183.1527557
378,1755164183.2532454
379,1755164183.35312
380,1755164183.4530232
381,1755164183.5528965
382,1755164183.6536045
383,1755164183.7528796
384,1755164183.8531377
385,1755164183.9530017
386,1755164184.0530767
387,1755164184.1528213
388,1755164184.2536
389,1755164184.353723
390,1755164184.4527886
391,1755164184.5533948
392,1755164184.6528218
393,1755164184.7533927
394,1755164184.8536856
395,1755164184.952812
396,1755164185.0528357
397,1755164185.153182
398,1755164185.2533298
399,1755164185.3533223
400,1755164185.4536037
401,1755164185.55286
402,1755164185.6528082
403,1755164185.752686
404,1755164185.8529537
405,1755164185.9529495
406,1755164186.0529974
407,1755164186.152965
408,1755164186.2525148
409,1755164186.3532317
410,1755164186.4536226
411,1755164186.5529027
412,1755164186.6531389
413,1755164186.7528577
414,1755164186.8524983
415,1755164186.9531555
416,1755164187.0542877
417,1755164187.152894
418,1755164187.2532825
419,1755164187.3534038
420,1755164187.453671
421,1755164187.553764
422,1755164187.6533802
423,1755164187.7530885
424,1755164187.8531742
425,1755164187.9535098
426,1755164188.053224
427,1755164188.153271
428,1755164188.2528796
429,1755164188.3532233
430,1755164188.4533906
431,1755164188.5536187
432,1755164188.6532767
433,1755164188.753538
434,1755164188.8532798
435,1755164188.9538114
436,1755164189.0537245
437,1755164189.1534142
438,1755164189.2537105
439,1755164189.3536503
440,1755164189.4535494
441,1755164189.553646
442,1755164189.6539814
443,1755164189.7528796
444,1755164189.8537693
445,1755164189.953279
446,1755164190.05374
447,1755164190.153855
448,1755164190.2540772
449,1755164190.353109
450,1755164190.4540572
451,1755164190.5535512
452,1755164190.6536863
453,1755164190.7529793
454,1755164190.8529744
455,1755164190.9538534
456,1755164191.0528872
457,1755164191.154099
458,1755164191.2539804
459,1755164191.3527021
460,1755164191.4533842
461,1755164191.552951
462,1755164191.6527176
463,1755164191.7534482
464,1755164191.852813
465,1755164191.9527893
466,1755164192.052737
467,1755164192.153267
468,1755164192.2527895
469,1755164192.353072
470,1755164192.4532723
471,1755164192.5532815
472,1755164192.653662
473,1755164192.7532654
474,1755164192.8537025
475,1755164192.9538672
476,1755164193.0532763
477,1755164193.1537738
478,1755164193.2536325
479,1755164193.3535237
480,1755164193.4531338
481,1755164193.5534003
482,1755164193.653781
483,1755164193.7538168
484,1755164193.8537693
485,1755164193.9534142
486,1755164194.0538118
487,1755164194.1532912
488,1755164194.2540753
489,1755164194.3539734
490,1755164194.4542203
491,1755164194.5538175
492,1755164194.6538935
493,1755164194.7537646
494,1755164194.8542824
495,1755164194.9539242
496,1755164195.0535254
497,1755164195.1536608
498,1755164195.2537677
499,1755164195.3535686
500,1755164195.4539554
501,1755164195.553515
502,1755164195.654221
503,1755164195.754027
504,1755164195.8535793
505,1755164195.954363
506,1755164196.054021
507,1755164196.1535604
508,1755164196.253817
509,1755164196.3533592
510,1755164196.4535666
511,1755164196.553336
512,1755164196.653974
513,1755164196.7534244
514,1755164196.8539476
515,1755164196.9535677
516,1755164197.0536678
517,1755164197.1537435
518,1755164197.253674
519,1755164197.3539166
520,1755164197.4540992
521,1755164197.553733
522,1755164197.6543105
523,1755164197.7536232
524,1755164197.8540757
525,1755164197.9546084
526,1755164198.053528
527,1755164198.15361
528,1755164198.2534137
529,1755164198.353892
530,1755164198.4544811
531,1755164198.5535493
532,1755164198.6537843
533,1755164198.7543397
534,1755164198.8539164
535,1755164198.9531603
536,1755164199.0536935
537,1755164199.1536553
538,1755164199.2542946
539,1755164199.3539548
540,1755164199.4535792
541,1755164199.5537114
542,1755164199.6537006
543,1755164199.7535448
544,1755164199.8535619
545,1755164199.9537215
546,1755164200.0543642
547,1755164200.1539135
548,1755164200.2542312
549,1755164200.3538213
550,1755164200.4544678
551,1755164200.554247
552,1755164200.6541243
553,1755164200.7532475
554,1755164200.854091
555,1755164200.953832
556,1755164201.0543542
557,1755164201.15435
558,1755164201.2539907
559,1755164201.3539438
560,1755164201.453611
561,1755164201.5540106
562,1755164201.654716
563,1755164201.754364
564,1755164201.8539238
565,1755164201.9534512
566,1755164202.0540657
567,1755164202.154477
568,1755164202.2540517
569,1755164202.354105
570,1755164202.454714
571,1755164202.5544412
572,1755164202.654345
573,1755164202.7546055
574,1755164202.8546565
575,1755164202.95482
576,1755164203.0544214
577,1755164203.1549923
578,1755164203.2544835
579,1755164203.3542497
580,1755164203.4545333
581,1755164203.5543363
582,1755164203.6541293
583,1755164203.7541373
584,1755164203.8544884
585,1755164203.9541054
586,1755164204.0541337
587,1755164204.154491
588,1755164204.2540128
589,1755164204.354695
590,1755164204.4549105
591,1755164204.5548325
592,1755164204.6540363
593,1755164204.7545974
594,1755164204.8541672
595,1755164204.9545884
596,1755164205.0546217
597,1755164205.1542382
598,1755164205.2538795
599,1755164205.3548577
600,1755164205.4540775
601,1755164205.5539095
602,1755164205.654116
603,1755164205.7536395
604,1755164205.8536103
605,1755164205.9539149
606,1755164206.0538774
607,1755164206.153515
608,1755164206.254367
609,1755164206.3539524
610,1755164206.4543648
611,1755164206.554587
612,1755164206.6544058
613,1755164206.7541153
614,1755164206.8540103
615,1755164206.9539607
616,1755164207.0533051
617,1755164207.1541421
618,1755164207.2539935
619,1755164207.3544366
620,1755164207.453569
621,1755164207.5538983
622,1755164207.6535108
623,1755164207.7539926
624,1755164207.8546293
625,1755164207.9533458
626,1755164208.0537627
627,1755164208.15385
628,1755164208.2544727
629,1755164208.3544466
630,1755164208.4540002
631,1755164208.553835
632,1755164208.6540136
633,1755164208.7539349
634,1755164208.853584
635,1755164208.9538305
636,1755164209.054205
637,1755164209.1534953
638,1755164209.2536435
639,1755164209.354339
640,1755164209.4544637
641,1755164209.554005
642,1755164209.6547182
643,1755164209.7538762
644,1755164209.854476
645,1755164209.954067
646,1755164210.054103
647,1755164210.154402
648,1755164210.2539601
649,1755164210.3537357
650,1755164210.4545074
651,1755164210.554109
652,1755164210.6541593
653,1755164210.7539046
654,1755164210.8548057
655,1755164210.954895
656,1755164211.05442
657,1755164211.154576
658,1755164211.2544074
659,1755164211.3546684
660,1755164211.4548044
661,1755164211.5549295
662,1755164211.6543975
663,1755164211.7547495
664,1755164211.854271
665,1755164211.9539719
666,1755164212.0547092
667,1755164212.1540794
668,1755164212.2539597
669,1755164212.3549695
670,1755164212.454166
671,1755164212.554386
672,1755164212.654632
673,1755164212.7542043
674,1755164212.8550518
675,1755164212.9545815
676,1755164213.054671
677,1755164213.1542006
678,1755164213.254768
679,1755164213.353857
680,1755164213.4546587
681,1755164213.5542433
682,1755164213.6543465
683,1755164213.7542744
684,1755164213.8553889
685,1755164213.9540296
686,1755164214.0545077
687,1755164214.1544466
688,1755164214.2546315
689,1755164214.3547788
690,1755164214.4550788
691,1755164214.5540738
692,1755164214.654992
693,1755164214.7548301
694,1755164214.8541393
695,1755164214.9549797
696,1755164215.0547192
697,1755164215.1543336
698,1755164215.2544003
699,1755164215.3546371
700,1755164215.45463
701,1755164215.5541823
702,1755164215.6552613
703,1755164215.7550488
704,1755164215.855097
705,1755164215.9544218
706,1755164216.0547602
707,1755164216.154677
708,1755164216.25463
709,1755164216.354972
710,1755164216.4540126
711,1755164216.5542436
712,1755164216.6543481
713,1755164216.7547271
714,1755164216.8551826
715,1755164216.9548585
716,1755164217.0546317
717,1755164217.1551478
718,1755164217.2548187
719,1755164217.354474
720,1755164217.4543073
721,1755164217.554254
722,1755164217.6550086
723,1755164217.7545595
724,1755164217.855226
725,1755164217.9540503
726,1755164218.0541043
727,1755164218.155213
728,1755164218.2554555
729,1755164218.3548164
730,1755164218.455237
731,1755164218.5551915
732,1755164218.6544704
733,1755164218.7545924
734,1755164218.8547647
735,1755164218.9543648
736,1755164219.0548825
737,1755164219.1544101
738,1755164219.2552996
739,1755164219.3549333
740,1755164219.4550836
741,1755164219.5546944
742,1755164219.6551044
743,1755164219.7551177
744,1755164219.8549445
745,1755164219.954196
746,1755164220.0548606
747,1755164220.1552389
748,1755164220.2545257
749,1755164220.3548028
750,1755164220.4548662
751,1755164220.5550172
752,1755164220.6548183
753,1755164220.7544484
754,1755164220.855545
755,1755164220.9555416
756,1755164221.0553567
757,1755164221.1552489
758,1755164221.2552273
759,1755164221.3551233
760,1755164221.4550333
761,1755164221.5546665
762,1755164221.6549313
763,1755164221.7552772
764,1755164221.8547611
765,1755164221.9550216
766,1755164222.055166
767,1755164222.1546438
768,1755164222.2555325
769,1755164222.3550284
770,1755164222.4550245
771,1755164222.5548918
772,1755164222.6552305
773,1755164222.7550492
774,1755164222.855152
775,1755164222.9547076
776,1755164223.055457
777,1755164223.155534
778,1755164223.2551272
779,1755164223.3547893
780,1755164223.4550562
781,1755164223.5548756
782,1755164223.655503
783,1755164223.7551363
784,1755164223.854518
785,1755164223.9555724
786,1755164224.0545871
787,1755164224.1552982
788,1755164224.2558212
789,1755164224.355336
790,1755164224.4554625
791,1755164224.5551374
792,1755164224.6546333
793,1755164224.7556002
794,1755164224.8551645
795,1755164224.9556339
796,1755164225.0556185
797,1755164225.1553204
798,1755164225.254939
799,1755164225.3550253
800,1755164225.4558525
801,1755164225.5554595
802,1755164225.6556282
803,1755164225.7557492
804,1755164225.8553162
805,1755164225.9549751
806,1755164226.0556679
807,1755164226.1552517
808,1755164226.2551477
809,1755164226.355214
810,1755164226.4549572
811,1755164226.5550418
812,1755164226.6552234
813,1755164226.7551403
814,1755164226.8555229
815,1755164226.9551463
816,1755164227.0555634
817,1755164227.154841
818,1755164227.2559345
819,1755164227.3551059
820,1755164227.4559186
821,1755164227.5556061
822,1755164227.655872
823,1755164227.7553556
824,1755164227.8550882
825,1755164227.9552124
826,1755164228.0555522
827,1755164228.1551774
828,1755164228.2554429
829,1755164228.3552585
830,1755164228.455437
831,1755164228.5549674
832,1755164228.655584
833,1755164228.7557154
834,1755164228.8551667
835,1755164228.9558058
836,1755164229.0554655
837,1755164229.1552486
838,1755164229.2552876
839,1755164229.3551722
840,1755164229.4558132
841,1755164229.5559661
842,1755164229.6560829
843,1755164229.7562058
844,1755164229.8550973
845,1755164229.9554992
846,1755164230.0554845
847,1755164230.155354
848,1755164230.2552266
849,1755164230.3558397
850,1755164230.4557052
851,1755164230.5550168
852,1755164230.6552238
853,1755164230.7551198
854,1755164230.8558252
855,1755164230.9559064
856,1755164231.055282
857,1755164231.15578
858,1755164231.2556932
859,1755164231.3554335
860,1755164231.455266
861,1755164231.5550044
862,1755164231.6552439
863,1755164231.7552533
864,1755164231.855779
865,1755164231.955403
866,1755164232.0562642
867,1755164232.1558907
868,1755164232.2555141
869,1755164232.3554828
870,1755164232.4556358
871,1755164232.5559661
872,1755164232.6552129
873,1755164232.755522
874,1755164232.8558307
875,1755164232.9556353
876,1755164233.055893
877,1755164233.1558533
878,1755164233.2559521
879,1755164233.3553507
880,1755164233.4557385
881,1755164233.5554433
882,1755164233.6559124
883,1755164233.755269
884,1755164233.8560889
885,1755164233.955644
886,1755164234.0558417
887,1755164234.155361
888,1755164234.2554646
889,1755164234.3559535
890,1755164234.4554625
891,1755164234.5560896
892,1755164234.655237
893,1755164234.755364
894,1755164234.8550124
895,1755164234.9559429
896,1755164235.0554695
897,1755164235.1553001
898,1755164235.2558382
899,1755164235.3560596
900,1755164235.4562306
901,1755164235.5560367
902,1755164235.6555111
903,1755164235.7559772
904,1755164235.8563201
905,1755164235.9558277
906,1755164236.0559938
907,1755164236.1562579
908,1755164236.2555885
909,1755164236.355731
910,1755164236.455853
911,1755164236.5560517
912,1755164236.6556022
913,1755164236.7551548
914,1755164236.8562636
915,1755164236.9551916
916,1755164237.0557103
917,1755164237.1554632
918,1755164237.2560382
919,1755164237.3561234
920,1755164237.4559047
921,1755164237.5559998
922,1755164237.655578
923,1755164237.755448
924,1755164237.8554125
925,1755164237.9559772
926,1755164238.055866
927,1755164238.155312
928,1755164238.2560012
929,1755164238.3559818
930,1755164238.4555314
931,1755164238.556047
932,1755164238.655332
933,1755164238.7559857
934,1755164238.8555164
935,1755164238.9559374
936,1755164239.055601
937,1755164239.1553657
938,1755164239.256019
939,1755164239.3555956
940,1755164239.456402
941,1755164239.5554123
942,1755164239.6556332
943,1755164239.7559845
944,1755164239.8557568
945,1755164239.955341
946,1755164240.055548
947,1755164240.156075
948,1755164240.2566528
949,1755164240.355536
950,1755164240.4565845
951,1755164240.5562963
952,1755164240.6564355
953,1755164240.7565694
954,1755164240.8557098
955,1755164240.9567935
956,1755164241.0565417
957,1755164241.1559877
958,1755164241.2567322
959,1755164241.3566592
960,1755164241.456328
961,1755164241.5568519
962,1755164241.6559792
963,1755164241.7567713
964,1755164241.855863
965,1755164241.9564385
966,1755164242.056489
967,1755164242.1561244
968,1755164242.2561886
969,1755164242.3567076
970,1755164242.4566562
971,1755164242.5566046
972,1755164242.656352
973,1755164242.7559388
974,1755164242.8566039
975,1755164242.956216
976,1755164243.0562632
977,1755164243.1559157
978,1755164243.2559907
979,1755164243.3566341
980,1755164243.4568021
981,1755164243.556522
982,1755164243.6563332
983,1755164243.7563481
984,1755164243.856838
985,1755164243.9561493
986,1755164244.0566838
987,1755164244.1558847
988,1755164244.2564185
989,1755164244.3560119
990,1755164244.456685
991,1755164244.5556123
992,1755164244.6567879
993,1755164244.7563512
994,1755164244.8562794
995,1755164244.9562054
996,1755164245.0559683
997,1755164245.1560738
998,1755164245.2566025
999,1755164245.3562896
1000,1755164245.4569113
1001,1755164245.5564587
1002,1755164245.6561255
1003,1755164245.7568972
1004,1755164245.8565168
1005,1755164245.9562473
1006,1755164246.0564783
1007,1755164246.1566436
1008,1755164246.2565262
1009,1755164246.3567963
1010,1755164246.4561214
1011,1755164246.5561078
1012,1755164246.6559458
1013,1755164246.7560499
1014,1755164246.8560681
1015,1755164246.9557235
1016,1755164247.055632
1017,1755164247.1562972
1018,1755164247.2561913
1019,1755164247.3561878
1020,1755164247.4560225
1021,1755164247.556603
1022,1755164247.6564226
1023,1755164247.7557578
1024,1755164247.855241
1025,1755164247.955877
1026,1755164248.0556118
1027,1755164248.156253
1028,1755164248.2565517
1029,1755164248.3568537
1030,1755164248.4563081
1031,1755164248.5571198
1032,1755164248.6566403
1033,1755164248.756752
1034,1755164248.8569405
1035,1755164248.9567282
1036,1755164249.0561137
1037,1755164249.1570864
1038,1755164249.2562902
1039,1755164249.356283
1040,1755164249.4567137
1041,1755164249.5566123
1042,1755164249.6564214
1043,1755164249.7564375
1044,1755164249.8571773
1045,1755164249.9564517
1046,1755164250.0561604
1047,1755164250.1565282
1048,1755164250.2563956
1049,1755164250.3564162
1050,1755164250.4564998
1051,1755164250.5573092
1052,1755164250.657353
1053,1755164250.756597
1054,1755164250.8564956
1055,1755164250.9567587
1056,1755164251.0571241
1057,1755164251.156629
1058,1755164251.256553
1059,1755164251.3570335
1060,1755164251.4572506
1061,1755164251.5571082
1062,1755164251.6570287
1063,1755164251.7562501
1064,1755164251.8665068
1065,1755164251.957376
1066,1755164252.0567024
1067,1755164252.156894
1068,1755164252.2572088
1069,1755164252.3570094
1070,1755164252.4569466
1071,1755164252.5566356
1072,1755164252.6571426
1073,1755164252.7564414
1074,1755164252.8568213
1075,1755164252.9563975
1076,1755164253.056999
1077,1755164253.1567936
1078,1755164253.256901
1079,1755164253.3570619
1080,1755164253.456471
1081,1755164253.55671
1082,1755164253.656447
1083,1755164253.7567108
1084,1755164253.8568027
1085,1755164253.9566905
1086,1755164254.05659
1087,1755164254.156886
1088,1755164254.256822
1089,1755164254.3576987
1090,1755164254.4564774
1091,1755164254.5573428
1092,1755164254.657045
1093,1755164254.7569218
1094,1755164254.8566566
1095,1755164254.9567723
1096,1755164255.057326
1097,1755164255.1569731
1098,1755164255.2569416
1099,1755164255.3573568
1100,1755164255.4564865
1101,1755164255.5569048
1102,1755164255.6572745
1103,1755164255.757162
1104,1755164255.8566194
1105,1755164255.9565907
1106,1755164256.0572429
1107,1755164256.156815
1108,1755164256.2567346
1109,1755164256.3572376
1110,1755164256.45664
1111,1755164256.5573008
1112,1755164256.657072
1113,1755164256.7573676
1114,1755164256.8569953
1115,1755164256.9570234
1116,1755164257.0576136
1117,1755164257.1571987
1118,1755164257.2570539
1119,1755164257.357006
1120,1755164257.4570856
1121,1755164257.556867
1122,1755164257.6577482
1123,1755164257.7572987
1124,1755164257.8569734
1125,1755164257.9569461
1126,1755164258.0569358
1127,1755164258.156977
1128,1755164258.2577715
1129,1755164258.3568225
1130,1755164258.4567358
1131,1755164258.5564706
1132,1755164258.657164
1133,1755164258.7567732
1134,1755164258.8567913
1135,1755164258.9568887
1136,1755164259.0575087
1137,1755164259.1575205
1138,1755164259.2574885
1139,1755164259.357604
1140,1755164259.4569674
1141,1755164259.5567884
1142,1755164259.65743
1143,1755164259.7572649
1144,1755164259.857266
1145,1755164259.9574692
1146,1755164260.0577862
1147,1755164260.1568465
1148,1755164260.2577577
1149,1755164260.35756
1150,1755164260.4576912
1151,1755164260.557909
1152,1755164260.6574876
1153,1755164260.774804
1154,1755164260.8570068
1155,1755164260.9568143
1156,1755164261.0569792
1157,1755164261.1576564
1158,1755164261.2577777
